-113.2201
-113.2201
-113.2201
-113.2201
-113.2201
-113.2201
-113.2201
-113.2201
-113.2201
-113.2201
-113.2201
-113.2201
-113.2201
-113.2201
-113.2201
-113.2201
-113.2201
-113.2201
-113.2201
-113.2201
-113.2201
-113.2201
-113.2201
-113.2201
-113.2201
-113.2201
-113.2201
-113.2201
-113.2201
-113.2201
-113.2201
-113.2201
-113.2201
-113.2201
-113.2201
-113.2201
-113.2201
-113.2201
-113.2201
-113.22
-113.22
-113.22
-113.22
-113.22
-113.22
-113.22
-113.22
-113.22
-113.22
-113.22
-113.22
-113.22
-113.22
-113.22
-113.22
-113.22
-113.22
-113.22
-113.22
-113.22
-113.22
-113.22
-113.22
-113.22
-113.22
-113.22
-113.22
-113.22
-113.22
-113.22
-113.22
-113.22
-113.22
-113.22
-113.22
-113.22
-113.22
-113.22
-113.22
-113.22
-113.22
-113.22
-113.22
-113.22
-113.22
-113.22
-113.22
-113.22
-113.22
-113.22
-113.22
-113.22
-113.22
-113.22
-113.22
-113.22
-113.22
-113.22
-113.22
-113.22
-113.22
-113.22
-113.22
-113.22
-113.22
-113.22
-113.22
-113.22
-113.2199
-113.2199
-113.2199
-113.2199
-113.2199
-113.2199
-113.2199
-113.2199
-113.2199
-113.2199
-113.2199
-113.2199
-113.2199
-113.2199
-113.2199
-113.2199
-113.2199
-113.2199
-113.2199
-113.2199
-113.2199
-113.2199
-113.2199
-113.2199
-113.2199
-113.2199
-113.2199
-113.2199
-113.2199
-113.2199
-113.2199
-113.2199
-113.2199
-113.2199
-113.2199
-113.2199
-113.2199
-113.2199
-113.2199
-113.2199
-113.2199
-113.2199
-113.2199
-113.2199
-113.2199
-113.2199
-113.2199
-113.2199
-113.2199
-113.2199
-113.2199
-113.2199
-113.2199
-113.2199
-113.2199
-113.2199
-113.2199
-113.2199
-113.2199
-113.2199
-113.2199
-113.2199
-113.2199
-113.2199
-113.2199
-113.2199
-113.2199
-113.2199
-113.2199
-113.2199
-113.2199
-113.2199
-113.2199
-113.2198
-113.2198
-113.2198
-113.2198
-113.2198
-113.2198
-113.2198
-113.2198
-113.2198
-113.2198
-113.2198
-113.2198
-113.2198
-113.2198
-113.2198
-113.2198
-113.2198
-113.2198
-113.2198
-113.2198
-113.2198
-113.2198
-113.2198
-113.2198
-113.2198
-113.2198
-113.2198
-113.2198
-113.2198
-113.2198
-113.2198
-113.2198
-113.2198
-113.2198
-113.2198
-113.2198
-113.2198
-113.2198
-113.2198
-113.2198
-113.2198
-113.2198
-113.2198
-113.2198
-113.2198
-113.2198
-113.2198
-113.2198
-113.2198
-113.2198
-113.2198
-113.2198
-113.2198
-113.2198
-113.2198
-113.2198
-113.2198
-113.2198
-113.2198
-113.2198
-113.2198
-113.2198
-113.2198
-113.2198
-113.2198
-113.2198
-113.2198
-113.2198
-113.2198
-113.2198
-113.2198
-113.2198
-113.2198
-113.2198
-113.2198
-113.2198
-113.2198
-113.2197
-113.2197
-113.2197
-113.2197
-113.2197
-113.2197
-113.2197
-113.2197
-113.2197
-113.2197
-113.2197
-113.2197
-113.2197
-113.2197
-113.2197
-113.2197
-113.2197
-113.2197
-113.2197
-113.2197
-113.2197
-113.2197
-113.2197
-113.2197
-113.2197
-113.2197
-113.2197
-113.2197
-113.2197
-113.2197
-113.2197
-113.2197
-113.2197
-113.2197
-113.2197
-113.2197
-113.2196
-113.2194
-113.2191
-113.2188
-113.2184
-113.2184
-113.2181
-113.2177
-113.2174
-113.217
-113.2167
-113.2167
-113.2163
-113.216
-113.2156
-113.2153
-113.2149
-113.2149
-113.2146
-113.2142
-113.2139
-113.2135
-113.2132
-113.2132
-113.2128
-113.2125
-113.2121
-113.2118
-113.2114
-113.2114
-113.2111
-113.2107
-113.2104
-113.21
-113.2097
-113.2097
-113.2094
-113.209
-113.2086
-113.2083
-113.208
-113.208
-113.2076
-113.2073
-113.2069
-113.2066
-113.2062
-113.2062
-113.2059
-113.2055
-113.2052
-113.2048
-113.2045
-113.2045
-113.2041
-113.2038
-113.2034
-113.2031
-113.2027
-113.2027
-113.2024
-113.202
-113.2017
-113.2013
-113.201
-113.201
-113.2006
-113.2003
-113.1999
-113.1996
-113.1992
-113.1992
-113.1989
-113.1985
-113.1982
-113.1978
-113.1975
-113.1975
-113.1971
-113.1968
-113.1964
-113.1961
-113.1957
-113.1957
-113.1954
-113.195
-113.1947
-113.1943
-113.194
-113.194
-113.1936
-113.1933
-113.1929
-113.1926
-113.1923
-113.1923
-113.1919
-113.1916
-113.1912
-113.1909
-113.1905
-113.1905
-113.1902
-113.1898
-113.1895
-113.1891
-113.1888
-113.1888
-113.1884
-113.1881
-113.1877
-113.1874
-113.187
-113.187
-113.1867
-113.1863
-113.186
-113.1856
-113.1853
-113.1853
-113.1849
-113.1846
-113.1842
-113.1839
-113.1835
-113.1835
-113.1832
-113.1828
-113.1825
-113.1821
-113.1818
-113.1818
-113.1814
-113.1811
-113.1807
-113.1804
-113.18
-113.18
-113.1797
-113.1793
-113.179
-113.1786
-113.1783
-113.1783
-113.1779
-113.1776
-113.1772
-113.1769
-113.1765
-113.1765
-113.1762
-113.1758
-113.1755
-113.1752
-113.1748
-113.1748
-113.1745
-113.1741
-113.1738
-113.1734
-113.1731
-113.1731
-113.1727
-113.1724
-113.172
-113.1717
-113.1713
-113.1713
-113.171
-113.1706
-113.1703
-113.1699
-113.1696
-113.1696
-113.1692
-113.1689
-113.1685
-113.1682
-113.1678
-113.1678
-113.1675
-113.1671
-113.1668
-113.1664
-113.1661
-113.1661
-113.1657
-113.1654
-113.165
-113.1647
-113.1643
-113.1643
-113.164
-113.1636
-113.1633
-113.1629
-113.1626
-113.1626
-113.1622
-113.1619
-113.1615
-113.1612
-113.1608
-113.1608
-113.1605
-113.1601
-113.1598
-113.1594
-113.1591
-113.1591
-113.1588
-113.1584
-113.1581
-113.1577
-113.1574
-113.1574
-113.157
-113.1567
-113.1563
-113.156
-113.1556
-113.1553
-113.1553
-113.1549
-113.1546
-113.1542
-113.1539
-113.1535
-113.1535
-113.1532
-113.1528
-113.1525
-113.1521
-113.1518
-113.1518
-113.1514
-113.1511
-113.1507
-113.1504
-113.15
-113.15
-113.1497
-113.1494
-113.149
-113.1487
-113.1483
-113.1483
-113.148
-113.1476
-113.1473
-113.1469
-113.1466
-113.1466
-113.1462
-113.1459
-113.1456
-113.1452
-113.1449
-113.1449
-113.1445
-113.1442
-113.1438
-113.1435
-113.1432
-113.1432
-113.1428
-113.1425
-113.1421
-113.1418
-113.1415
-113.1415
-113.1411
-113.1408
-113.1405
-113.1401
-113.1398
-113.1398
-113.1395
-113.1391
-113.1388
-113.1384
-113.1381
-113.1381
-113.1378
-113.1375
-113.1371
-113.1368
-113.1365
-113.1365
-113.1361
-113.1358
-113.1355
-113.1351
-113.1348
-113.1348
-113.1345
-113.1342
-113.1338
-113.1335
-113.1332
-113.1332
-113.1329
-113.1326
-113.1322
-113.1319
-113.1316
-113.1316
-113.1313
-113.131
-113.1306
-113.1303
-113.13
-113.13
-113.1297
-113.1294
-113.1291
-113.1288
-113.1284
-113.1284
-113.1281
-113.1278
-113.1275
-113.1272
-113.1269
-113.1269
-113.1266
-113.1263
-113.126
-113.1257
-113.1254
-113.1254
-113.1251
-113.1248
-113.1245
-113.1242
-113.1239
-113.1239
-113.1236
-113.1233
-113.123
-113.1227
-113.1224
-113.1224
-113.1221
-113.1219
-113.1216
-113.1213
-113.121
-113.121
-113.1207
-113.1204
-113.1201
-113.1199
-113.1196
-113.1196
-113.1193
-113.119
-113.1188
-113.1185
-113.1182
-113.1182
-113.1179
-113.1177
-113.1174
-113.1171
-113.1169
-113.1169
-113.1166
-113.1163
-113.1161
-113.1158
-113.1155
-113.1155
-113.1153
-113.115
-113.1148
-113.1145
-113.1143
-113.1143
-113.114
-113.1138
-113.1135
-113.1133
-113.113
-113.113
-113.1128
-113.1125
-113.1123
-113.112
-113.1118
-113.1118
-113.1115
-113.1113
-113.1111
-113.1108
-113.1106
-113.1106
-113.1104
-113.1101
-113.1099
-113.1097
-113.1095
-113.1095
-113.1092
-113.109
-113.1088
-113.1086
-113.1084
-113.1084
-113.1081
-113.1079
-113.1077
-113.1075
-113.1073
-113.1073
-113.1071
-113.1069
-113.1067
-113.1065
