236.0916
236.2175
236.3453
236.4731
236.599
236.7268
236.8526
236.9804
237.1063
237.2341
237.36
237.4878
237.6137
237.7415
237.8674
237.9951
238.1229
238.2488
238.3766
238.5025
238.6303
238.7562
238.884
239.0099
239.1376
239.2635
239.3913
239.5172
239.645
239.7728
239.8987
240.0265
240.1524
240.2802
240.406
240.406
240.5338
240.6597
240.7875
240.9134
241.0412
241.0412
241.1671
241.2949
241.4227
241.5485
241.6763
241.6763
241.8022
241.93
242.0559
242.1837
242.1837
242.3096
242.4374
242.5632
242.691
242.8169
242.9447
242.9447
243.0706
243.1984
243.3262
243.4521
243.5799
243.5799
243.7057
243.8335
243.9594
244.0872
244.2131
244.2131
244.3409
244.4668
244.5946
244.7205
244.8483
244.8483
244.976
245.1019
245.2297
245.3556
245.4834
245.4834
245.6093
245.7371
245.863
245.9908
246.1166
246.1166
246.2444
246.3703
246.4981
246.6259
246.7518
246.7518
246.8796
247.0055
247.1333
247.2591
247.3869
247.3869
247.5128
247.6406
247.7665
247.8943
248.0202
248.0202
248.148
248.2758
248.4016
248.5294
248.6553
248.6553
248.7831
248.909
249.0368
249.1627
249.2905
249.2905
249.4164
249.5441
249.67
249.7978
249.9237
249.9237
250.0515
250.1793
250.3052
250.433
250.5589
250.5589
250.6866
250.8125
250.9403
251.0662
251.194
251.194
251.3199
251.4477
251.5736
251.7014
251.8291
251.8291
251.955
252.0828
252.2087
252.3365
252.4624
252.4624
252.5902
252.7161
252.8439
252.9697
253.0975
253.0975
253.2234
253.3512
253.479
253.6049
253.7327
253.7327
253.8586
253.9864
254.1122
254.24
254.3659
254.3659
254.4937
254.6196
254.7474
254.8733
255.0011
255.0011
255.127
255.2547
255.3825
255.5084
255.6362
255.6362
255.7621
255.8899
256.0158
256.1436
256.2695
256.2695
256.3972
256.5231
256.6509
256.7768
256.9046
256.9046
257.0324
257.1583
257.2861
257.412
257.5397
257.5397
257.6656
257.7934
257.9193
258.0471
258.173
258.173
258.3008
258.4267
258.5544
258.6823
258.8081
258.8081
258.9359
259.0618
259.1896
259.3155
259.4433
259.4433
259.5692
259.697
259.8228
259.9506
260.0765
260.0765
260.2043
260.3302
260.458
260.5858
260.7117
260.7117
260.8395
260.9653
261.0931
261.219
261.3468
261.3468
261.4727
261.6005
261.7264
261.8542
261.98
261.98
262.1078
262.2357
262.3615
262.4893
262.6152
262.6152
262.743
262.8689
262.9967
263.1226
263.2504
263.2504
263.3762
263.504
263.6299
263.7577
263.8855
263.8855
264.0114
264.1392
264.2651
264.3929
264.5187
264.5187
264.6465
264.7724
264.9002
265.0261
265.1539
265.1539
265.2798
265.4076
265.5334
265.6613
265.789
265.789
265.9149
266.0427
266.1686
266.2964
266.4223
266.4223
266.55
266.676
266.8037
266.9296
267.0574
267.0574
267.1833
267.3111
267.4389
267.5648
267.6907
267.6907
267.8108
267.9138
267.992
268.0397
268.053
268.053
268.055
268.055
268.055
268.055
268.0569
268.0569
268.0569
268.0569
268.0588
268.0588
268.0588
268.0588
268.0588
268.0607
268.0607
268.0607
268.0607
268.0607
268.0626
268.0626
268.0626
268.0626
268.0645
268.0645
268.0645
268.0645
268.0645
268.0664
268.0664
268.0664
268.0664
268.0683
268.0683
268.0683
268.0683
268.0683
268.0702
268.0702
268.0702
268.0702
268.0721
268.0721
268.0721
268.0721
268.0721
268.074
268.074
268.074
268.074
268.074
268.0759
268.0759
268.0759
268.0759
268.0759
268.0779
268.0779
268.0779
268.0779
268.0779
268.0798
268.0798
268.0798
268.0798
268.0817
268.0817
268.0817
268.0817
268.0817
268.0836
268.0836
268.0836
268.0836
268.0836
268.0855
268.0855
268.0855
268.0855
268.0855
268.0874
268.0874
268.0874
268.0874
268.0874
268.0893
268.0893
268.0893
268.0893
268.0912
268.0912
268.0912
268.0912
268.0912
268.0931
268.0931
268.0931
268.0931
268.0931
268.095
268.095
268.095
268.095
268.095
268.0969
268.0969
268.0969
268.0969
268.0969
268.0988
268.0988
268.0988
268.0988
268.1007
268.1007
268.1007
268.1007
268.1007
268.1027
268.1027
268.1027
268.1027
268.1027
268.1027
268.1046
268.1046
268.1046
268.1046
268.1046
268.1064
268.1064
268.1064
268.1064
268.1064
268.1084
268.1084
268.1084
268.1084
268.1084
268.1103
268.1103
268.1103
268.1103
268.1103
268.1103
268.1122
268.1122
268.1122
268.1122
268.1141
268.1141
268.1141
268.1141
268.1141
268.116
268.116
268.116
268.116
268.116
268.1179
268.1179
268.1179
268.1179
268.1179
268.1179
268.1198
268.1198
268.1198
268.1198
268.1198
268.1217
268.1217
268.1217
268.1217
268.1217
268.1217
268.1236
268.1236
268.1236
268.1236
268.1236
268.1255
268.1255
268.1255
268.1255
268.1274
268.1274
268.1274
268.1274
268.1274
268.1274
268.1293
268.1293
268.1293
268.1293
268.1293
268.1313
268.1313
268.1313
268.1313
268.1313
268.1313
268.1332
268.1332
268.1332
268.1332
268.1332
268.1332
268.1351
268.1351
268.1351
268.1351
268.1351
268.1351
268.1351
268.1351
268.1332
268.1332
268.1293
268.1255
268.1217
268.1179
268.1122
268.1122
268.1064
268.0988
268.0912
268.0836
268.074
268.074
268.0645
268.053
268.0416
268.0302
268.0168
268.0168
268.0035
267.9901
267.9749
267.9596
267.9443
267.9443
267.9272
267.91
267.8909
267.8719
267.8528
267.8528
267.8318
267.8108
267.7879
267.765
267.7422
267.7422
267.7193
267.6945
267.6678
267.643
267.6163
267.6163
267.5876
267.561
267.5305
267.5018
267.4713
267.4713
267.4408
267.4084
267.3759
267.3435
267.3092
267.3092
267.2748
267.2405
267.2043
267.168
267.1299
267.1299
267.0917
267.0536
267.0154
266.9754
266.9334
266.9334
266.8934
266.8514
266.8076
266.7656
266.7217
266.7217
266.676
266.6302
266.5844
266.5386
266.4909
266.4909
266.4432
266.3937
266.346
266.2945
266.2449
266.2449
266.1934
266.1419
266.0885
266.0351
265.9817
265.9817
265.9264
265.871
265.8157
265.7604
265.7032
265.7032
265.6441
265.5869
265.5277
265.4686
265.4076
265.4076
265.3465
265.2855
265.2225
265.1596
265.0967
265.0967
265.0318
264.9689
264.9021
264.8373
264.7705
264.7705
264.7037
264.6351
264.5664
264.4977
264.4291
264.4291
264.3585
264.288
264.2174
264.1449
264.0724
264.0724
263.9999
263.9255
263.8512
263.7768
263.7005
263.7005
263.6261
263.5479
263.4716
263.3934
263.3152
263.3152
263.237
263.1569
263.0768
262.9967
262.9166
262.9166
262.8345
262.7525
262.6705
262.5866
262.5027
262.5027
262.4188
262.3329
262.249
262.1631
262.0754
262.0754
261.9896
261.9019
261.8141
261.7245
261.6367
261.6367
261.5471
261.4555
261.3659
261.2744
261.1828
261.1828
261.0912
260.9997
260.9062
260.8127
260.7174
260.7174
260.6239
260.5286
260.4332
260.3378
260.2405
260.2405
260.1452
260.0479
259.9487
259.8514
259.7523
259.7523
259.6531
259.5539
259.4547
259.3536
259.2526
259.2526
259.1515
259.0504
258.9474
258.8444
