-78.79257
-78.79257
-78.79639
-78.79639
-78.79639
-78.79639
-78.79639
-78.79639
-78.79639
-78.79639
-78.79639
-78.79639
-78.8002
-78.8002
-78.8002
-78.8002
-78.8002
-78.8002
-78.8002
-78.8002
-78.8002
-78.80402
-78.80402
-78.80402
-78.80402
-78.80402
-78.80402
-78.80402
-78.80402
-78.80402
-78.80402
-78.80783
-78.80783
-78.80783
-78.80783
-78.80783
-78.80783
-78.80783
-78.80783
-78.80783
-78.80783
-78.80783
-78.81165
-78.81165
-78.81165
-78.81165
-78.81165
-78.81165
-78.81165
-78.81165
-78.81165
-78.81165
-78.81165
-78.81546
-78.81546
-78.81546
-78.81546
-78.81546
-78.81546
-78.81546
-78.81546
-78.81546
-78.81546
-78.81927
-78.81927
-78.81927
-78.81927
-78.81927
-78.81927
-78.81927
-78.81927
-78.81927
-78.81927
-78.81927
-78.82309
-78.82309
-78.82309
-78.82309
-78.82309
-78.82309
-78.82309
-78.82309
-78.82309
-78.82309
-78.82309
-78.8269
-78.8269
-78.8269
-78.8269
-78.8269
-78.8269
-78.8269
-78.8269
-78.8269
-78.83072
-78.83072
-78.83072
-78.83072
-78.83072
-78.83072
-78.83072
-78.83072
-78.83072
-78.83072
-78.83072
-78.83453
-78.83453
-78.83453
-78.83453
-78.83453
-78.83453
-78.83453
-78.83453
-78.83453
-78.83453
-78.83835
-78.83835
-78.83835
-78.83835
-78.83835
-78.83835
-78.83835
-78.83835
-78.83835
-78.84216
-78.84216
-78.84216
-78.84216
-78.84216
-78.84216
-78.84216
-78.84216
-78.84216
-78.84216
-78.84598
-78.84598
-78.84598
-78.84598
-78.84598
-78.84598
-78.84598
-78.84598
-78.84598
-78.84598
-78.84979
-78.84979
-78.84979
-78.84979
-78.84979
-78.84979
-78.84979
-78.84979
-78.84979
-78.85361
-78.85361
-78.85361
-78.85361
-78.85361
-78.85361
-78.85361
-78.85361
-78.85361
-78.85361
-78.85742
-78.85742
-78.85742
-78.85742
-78.85742
-78.85742
-78.85742
-78.85742
-78.85742
-78.86124
-78.86124
-78.86124
-78.86124
-78.86124
-78.86124
-78.86124
-78.86124
-78.86124
-78.86505
-78.86505
-78.86505
-78.86505
-78.86505
-78.86505
-78.86505
-78.86505
-78.86505
-78.86887
-78.86887
-78.86887
-78.86887
-78.86887
-78.86887
-78.86887
-78.86887
-78.86887
-78.87268
-78.87268
-78.87268
-78.87268
-78.87268
-78.87268
-78.87268
-78.87268
-78.87268
-78.8765
-78.8765
-78.8765
-78.8765
-78.8765
-78.8765
-78.8765
-78.8765
-78.8765
-78.88031
-78.88031
-78.88031
-78.88031
-78.88031
-78.88031
-78.88031
-78.88031
-78.88412
-78.88412
-78.88412
-78.88412
-78.88412
-78.88412
-78.88412
-78.88412
-78.88412
-78.88794
-78.88794
-78.88794
-78.88794
-78.88794
-78.88794
-78.88794
-78.88794
-78.89175
-78.89175
-78.89175
-78.89175
-78.89175
-78.89175
-78.89175
-78.89175
-78.89557
-78.89557
-78.89557
-78.89557
-78.89557
-78.89557
-78.89557
-78.89557
-78.89557
-78.89938
-78.89938
-78.89938
-78.89938
-78.89938
-78.89938
-78.89938
-78.89938
-78.9032
-78.9032
-78.9032
-78.9032
-78.9032
-78.9032
-78.9032
-78.9032
-78.9032
-78.90701
-78.90701
-78.90701
-78.90701
-78.90701
-78.90701
-78.90701
-78.90701
-78.91083
-78.91083
-78.91083
-78.91083
-78.91083
-78.91083
-78.91083
-78.91083
-78.89938
-78.89938
-78.84216
-78.74298
-78.60565
-78.44543
-78.26996
-78.26996
-78.0983
-77.92282
-77.74734
-77.57568
-77.40021
-77.40021
-77.22473
-77.04926
-76.87759
-76.70212
-76.52664
-76.52664
-76.35117
-76.1795
-76.00403
-75.82855
-75.65308
-75.65308
-75.48141
-75.30594
-75.13046
-74.9588
-74.78333
-74.78333
-74.60785
-74.43237
-74.26071
-74.08524
-73.90976
-73.90976
-73.73428
-73.56262
-73.38715
-73.21167
-73.04001
-73.04001
-72.86453
-72.68906
-72.51358
-72.34192
-72.16644
-72.16644
-71.99097
-71.81549
-71.64383
-71.46835
-71.29288
-71.29288
-71.12122
-70.94574
-70.77026
-70.59479
-70.42313
-70.42313
-70.24765
-70.07217
-69.8967
-69.72504
-69.54956
-69.54956
-69.37408
-69.20242
-69.02695
-68.85147
-68.67599
-68.67599
-68.50433
-68.32886
-68.15338
-67.97791
-67.80624
-67.80624
-67.63077
-67.45529
-67.27982
-67.10815
-66.93268
-66.93268
-66.7572
-66.58554
-66.41006
-66.23459
-66.05911
-66.05911
-65.88745
-65.71198
-65.5365
-65.36102
-65.18936
-65.18936
-65.01389
-64.83841
-64.66675
-64.49127
-64.3158
-64.3158
-64.14032
-63.96866
-63.79318
-63.61771
-63.44223
-63.44223
-63.27057
-63.09509
-62.91962
-62.74796
-62.57248
-62.57248
-62.397
-62.22153
-62.04987
-61.87439
-61.69891
-61.69891
-61.52344
-61.35178
-61.1763
-61.00082
-60.82535
-60.82535
-60.65369
-60.47821
-60.30273
-60.13107
-59.9556
-59.9556
-59.78012
-59.60464
-59.43298
-59.25751
-59.08203
-59.08203
-58.90656
-58.73489
-58.55942
-58.38394
-58.21228
-58.21228
-58.0368
-57.86133
-57.68585
-57.51419
-57.33871
-57.33871
-57.16324
-56.98776
-56.8161
-56.64063
-56.46515
-56.46515
-56.29349
-56.11801
-55.94254
-55.76706
-55.5954
-55.5954
-55.41992
-55.24445
-55.06897
-54.89731
-54.72183
-54.72183
-54.54636
-54.37469
-54.19922
-54.02374
-53.84827
-53.84827
-53.67661
-53.50113
-53.32565
-53.15018
-52.97852
-52.97852
-52.80304
-52.62756
-52.45209
-52.28043
-52.10495
-52.10495
-51.92947
-51.75781
-51.58234
-51.40686
-51.23138
-51.23138
-51.05972
-50.88425
-50.70877
-50.53329
-50.36163
-50.36163
-50.18616
-50.01068
-49.83902
-49.66354
-49.48807
-49.48807
-49.31259
-49.14093
-48.96545
-48.78998
-48.6145
-48.6145
-48.44284
-48.26736
-48.09189
-47.92023
-47.74475
-47.74475
-47.56927
-47.3938
-47.22214
-47.04666
-46.87119
-46.69571
-46.69571
-46.52405
-46.34857
-46.1731
-46.00143
-45.82596
-45.82596
-45.65048
-45.47882
-45.30334
-45.12787
-44.95621
-44.95621
-44.78073
-44.60907
-44.43359
-44.25812
-44.08646
-44.08646
-43.91098
-43.73932
-43.56766
-43.39218
-43.22052
-43.22052
-43.04886
-42.87338
-42.70172
-42.53006
-42.3584
-42.3584
-42.18674
-42.01126
-41.8396
-41.66794
-41.50009
-41.50009
-41.32843
-41.15677
-40.98511
-40.81345
-40.6456
-40.6456
-40.47394
-40.30228
-40.13443
-39.96277
-39.79492
-39.79492
-39.62708
-39.45541
-39.28757
-39.11972
-38.95187
-38.95187
-38.78403
-38.61618
-38.44833
-38.28049
-38.11646
-38.11646
-37.94861
-37.78076
-37.61673
-37.4527
-37.28485
-37.28485
-37.12082
-36.95679
-36.79276
-36.62872
-36.46469
-36.46469
-36.30066
-36.13663
-35.97641
-35.81238
-35.65216
-35.65216
-35.49194
-35.32791
-35.16769
-35.00748
-34.84726
-34.84726
-34.68704
-34.53064
-34.37042
-34.21402
-34.0538
-34.0538
-33.8974
-33.741
-33.58459
-33.42819
-33.27179
-33.27179
-33.11539
-32.9628
-32.8064
-32.65381
-32.50122
-32.50122
-32.34863
-32.19604
-32.04346
-31.89087
-31.7421
-31.7421
-31.58951
-31.44073
-31.29196
-31.13937
-30.99442
-30.99442
-30.84564
-30.69687
-30.55191
-30.40314
-30.25818
-30.25818
-30.11322
-29.96826
-29.8233
-29.67834
-29.5372
-29.5372
-29.39606
-29.2511
-29.10995
-28.96881
-28.83148
-28.83148
-28.69034
-28.55301
-28.41187
-28.27454
-28.13721
-28.13721
-27.99988
-27.86636
-27.72903
-27.59552
-27.46201
-27.46201
-27.32849
-27.19498
-27.06146
-26.93176
-26.79825
-26.79825
-26.66855
-26.53885
-26.40915
-26.28326
-26.15356
-26.15356
-26.02768
-25.90179
-25.77591
-25.65002
-25.52795
-25.52795
-25.40207
-25.28
-25.15793
-25.03586
-24.9176
-24.9176
-24.79553
-24.67728
-24.55902
-24.44077
-24.32251
-24.32251
-24.20807
-24.08981
-23.97537
-23.86093
-23.75031
-23.75031
-23.63586
-23.52524
-23.41461
-23.30399
-23.19336
-23.19336
-23.08273
-22.97592
-22.86911
-22.7623
-22.65549
-22.65549
-22.55249
-22.44568
-22.34268
-22.23969
